Caroline Islands  (2784,1277)
54 Sea Zone  (3371,857)  (3423,888)  (3437,943)  (3442,994)  (3443,1052)  (3441,1108)  (3444,1149)
15 Sea Zone  (1261,936)  (1215,974)
27 Sea Zone  (948,1813)  (902,1858)  (902,1812)  (993,1859)  (948,1767)  (900,1766)  (947,1904)  (901,1904)  (1039,1879)  (993,1905)  (946,1721)  (882,1720)  (1058,1925)  (992,1680)  (947,1950)  (901,1950)  (1012,1951)
63 Sea Zone  (3078,403)  (3032,434)  (3010,337)  (2999,291)  (2999,245)  (3013,199)
Afghanistan  (1823,876)
Evenki National Okrug  (2129,206)  (2083,251)  (2083,205)  (2174,252)  (2129,160)  (2175,160)  (2175,206)  (2081,159)  (2037,229)  (2220,275)  (2127,114)  (2173,114)  (2035,183)  (2050,113)  (2096,68)  (2142,68)  (2188,68)  (2050,31)  (2096,22)  (2142,22)  (2188,22)
41 Sea Zone  (3012,1654)  (3012,1700)  (3012,1746)  (3012,1792)  (3012,1931)  (3058,1653)  (3058,1699)  (3058,1917)  (3095,1870)  (3104,1916)  (3109,1824)  (3134,1653)  (3141,1778)  (3141,1870)  (3150,1916)  (3155,1824)  (3174,1699)  (3180,1653)  (3187,1745)  (3187,1870)  (3196,1916)  (3201,1791)
French Equatorial Africa  (1007,1346)  (961,1391)  (961,1345)  (1007,1300)  (1053,1300)  (1053,1346)  (1053,1392)  (959,1299)  (915,1368)  (1005,1254)  (1051,1254)  (913,1322)  (913,1276)  (959,1253)  (890,1230)  (867,1357)  (867,1311)  (936,1207)  (853,1184)
French Indochina  (2214,990)  (2168,1035)  (2168,989)  (2259,1036)  (2260,957)  (2166,943)  (2213,1081)  (2167,1081)  (2122,1008)  (2304,1082)  (2258,1127)
40 Sea Zone  (2957,1823)  (2965,1869)  (2965,1915)  (2702,1952)  (2656,1952)
4 Sea Zone  (1440,17)  (1394,15)  (1486,1)  (1348,26)  (1532,1)  (1578,1)
18 Sea Zone  (425,1075)  (379,1117)  (379,1071)  (470,1121)  (425,1029)  (471,1029)  (471,1075)  (374,1025)  (491,1167)  (491,1285)
46 Sea Zone  (2912,1643)  (2866,1656)  (2866,1610)  (2957,1689)  (2958,1610)  (2911,1702)  (2965,1735)  (2646,1610)  (2600,1623)
55 Sea Zone  (3281,659)  (3235,703)  (3235,657)  (3292,705)  (3233,611)  (3246,749)  (3315,751)  (3204,565)  (3250,565)  (3269,795)  (3223,795)  (3315,797)  (3204,519)  (3250,519)  (3269,841)  (3223,841)  (3315,843)
61 Sea Zone  (2643,632)  (2597,637)  (2681,678)  (2627,586)  (2679,586)  (2689,632)  (2635,683)  (2725,581)  (2705,535)  (2598,751)  (2565,797)
Panama  (6,868)  (10,930)  (101,1007)
26 Sea Zone  (587,1839)  (541,1884)  (541,1838)  (632,1885)  (633,1808)  (586,1930)  (540,1930)  (495,1884)  (495,1838)  (678,1854)  (678,1900)  (632,1931)  (494,1931)  (679,1808)  (693,1946)  (449,1885)  (449,1839)  (724,1854)  (724,1900)  (448,1952)  (725,1808)  (739,1946)  (403,1906)  (403,1860)  (403,1814)  (770,1854)  (770,1900)  (402,1952)  (771,1808)  (785,1946)  (816,1854)  (816,1900)  (817,1808)  (831,1946)
7 Sea Zone  (728,442)  (682,487)  (682,441)  (774,417)  (774,463)  (820,422)  (667,580)  (677,626)
38 Sea Zone  (2315,1655)  (2269,1700)  (2269,1654)  (2360,1701)  (2361,1610)  (2314,1746)  (2268,1746)  (2223,1700)  (2223,1654)  (2406,1656)  (2406,1702)  (2360,1747)  (2222,1747)  (2407,1610)  (2407,1748)  (2177,1701)  (2177,1655)  (2452,1656)  (2452,1702)  (2176,1761)  (2453,1610)  (2453,1748)  (2131,1715)  (2131,1669)  (2131,1623)  (2498,1656)  (2130,1761)  (2499,1610)
West Indies  (255,940)
Turkey  (1499,887)  (1453,932)  (1450,886)  (1404,923)  (1358,934)
29 Sea Zone  (1567,1857)  (1521,1902)  (1521,1856)  (1612,1903)  (1567,1811)  (1613,1811)  (1613,1857)  (1519,1810)  (1566,1948)  (1520,1948)  (1475,1902)  (1475,1856)  (1658,1903)  (1658,1949)  (1612,1949)  (1474,1949)  (1659,1808)  (1659,1854)  (1473,1810)  (1429,1903)  (1428,1952)
Belgian Congo  (1118,1460)  (1072,1505)  (1072,1459)  (1118,1414)  (1164,1414)  (1084,1551)  (1038,1551)  (1026,1505)  (1026,1459)  (1083,1597)
Mexico  (3447,813)  (3419,768)  (3373,738)
Mozambique  (1232,1751)
French Madagascar  (1384,1754)  (1382,1800)  (1382,1846)
28 Sea Zone  (1262,1848)  (1307,1894)  (1261,1894)  (1215,1913)  (1342,1940)  (1296,1940)  (1169,1948)
23 Sea Zone  (875,1472)  (829,1514)  (829,1468)  (920,1518)  (875,1426)  (921,1445)  (827,1422)  (783,1514)  (783,1468)  (960,1564)  (914,1564)  (737,1514)  (737,1468)  (977,1610)  (931,1610)  (885,1610)  (691,1514)  (691,1468)
Wake Island  (2904,1082)
Iceland  (510,95)
Algeria  (776,986)  (849,975)  (691,981)
Saudi Arabia  (1546,1096)  (1500,1141)  (1500,1095)  (1568,1142)  (1546,1050)  (1592,1069)  (1490,1187)  (1454,1141)  (1638,1064)  (1444,1197)  (1408,1151)  (1430,1243)
30 Sea Zone  (1924,1858)  (1878,1903)  (1878,1857)  (1969,1904)  (1924,1812)  (1970,1812)  (1970,1858)  (1876,1811)  (1923,1949)  (1877,1949)  (1832,1903)  (1832,1857)  (2015,1904)  (2015,1950)  (1969,1950)  (1831,1950)  (2016,1808)  (2016,1854)  (1830,1811)  (1786,1904)  (1786,1858)  (2061,1900)  (2061,1946)  (1785,1952)  (2062,1808)  (2062,1854)  (1784,1812)  (1740,1906)  (1740,1860)  (1739,1952)  (1738,1814)
11 Sea Zone  (407,802)  (361,847)  (361,801)  (452,848)  (407,756)  (453,756)  (453,802)  (359,755)  (406,893)  (360,893)  (465,894)  (419,939)  (373,939)  (465,940)
Karelia S.S.R.  (1366,198)  (1320,235)  (1411,244)  (1412,168)  (1289,189)  (1365,281)  (1457,214)  (1457,260)  (1411,290)  (1259,143)  (1228,62)  (1274,58)  (1503,220)
2 Sea Zone  (465,187)  (503,233)  (511,185)  (544,129)  (549,270)  (552,74)  (588,27)  (598,73)  (627,275)  (634,1)  (644,47)  (669,221)  (715,204)
Trans-Jordan  (1447,991)  (1401,1036)  (1460,1037)  (1493,982)
Switzerland  (934,667)
16 Sea Zone  (1413,813)  (1367,850)  (1367,804)  (1459,809)  (1505,808)
Soviet Far East  (2684,65)  (2638,110)  (2638,64)  (2729,111)  (2684,19)  (2730,19)  (2730,65)  (2636,18)  (2683,156)  (2637,156)  (2592,110)  (2592,64)  (2775,111)  (2775,157)  (2729,157)  (2776,1)  (2776,47)  (2590,18)  (2546,133)  (2546,87)  (2821,93)  (2821,139)  (2821,185)  (2774,203)  (2728,203)  (2822,1)  (2822,47)  (2544,41)  (2867,93)  (2868,1)  (2868,47)  (2913,93)  (2914,1)  (2914,47)
51 Sea Zone  (2841,931)  (2841,977)  (2841,1023)  (2841,1069)  (2841,1115)  (2887,930)  (2887,976)  (2887,1022)  (2887,1121)  (2892,1186)  (2933,930)  (2933,976)  (2933,1022)  (2933,1118)  (2938,1164)  (2938,1210)  (2942,1068)
Western United States  (3399,674)  (3447,675)  (3344,625)  (3343,572)  (3345,521)  (3401,523)  (3446,525)  (3401,575)  (3451,576)  (3402,625)  (3446,628)
58 Sea Zone  (2672,931)  (2672,977)  (2672,1023)  (2672,1115)  (2718,930)  (2718,976)  (2718,1022)  (2718,1120)  (2741,1068)  (2764,930)  (2764,976)  (2764,1022)  (2764,1114)  (2787,1068)
43 Sea Zone  (3423,1338)  (3377,1383)  (3380,1433)  (3372,1329)  (3370,1281)  (3420,1283)  (3387,1482)  (3380,1541)  (3381,1592)  (3442,1589)  (3430,1526)  (3436,1475)  (3441,1432)
39 Sea Zone  (2318,1857)  (2272,1902)  (2272,1856)  (2363,1903)  (2318,1811)  (2364,1811)  (2364,1857)  (2270,1810)  (2317,1948)  (2271,1948)  (2226,1902)  (2226,1856)  (2409,1903)  (2409,1949)  (2363,1949)  (2225,1949)  (2410,1808)  (2410,1854)  (2224,1810)  (2180,1903)  (2180,1857)  (2455,1900)  (2455,1946)  (2179,1952)  (2456,1808)  (2456,1854)  (2178,1811)
19 Sea Zone  (100,952)  (146,961)  (192,958)  (238,984)  (260,903)  (284,987)  (293,1033)  (306,903)
Mongolia  (2242,482)  (2196,527)  (2196,481)  (2287,528)  (2327,482)  (2150,544)  (2150,498)
Formosa  (2468,977)
Eire  (616,195)
Central United States  (43,632)  (51,678)  (36,586)  (36,540)  (5,679)  (8,634)
Sinkiang  (2092,653)  (2046,698)  (2046,652)  (2137,699)  (2092,607)  (2138,607)  (2138,653)  (2044,606)  (2091,744)  (2045,744)  (2000,698)  (2000,652)  (1999,745)  (2071,560)  (1954,699)  (1953,780)
Archangel  (1616,201)  (1570,246)  (1570,200)  (1641,247)  (1616,155)  (1662,155)  (1662,201)  (1568,154)  (1614,109)  (1660,109)  (1706,109)  (1522,161)  (1522,115)  (1568,108)  (1691,63)  (1476,136)  (1709,17)
Ukraine S.S.R.  (1441,593)  (1395,638)  (1395,592)  (1485,639)  (1441,547)  (1393,546)  (1439,684)  (1349,601)
20 Sea Zone  (10,1053)  (11,996)  (6,1107)
Argentina  (205,1492)  (195,1538)  (171,1446)  (217,1446)  (263,1434)  (186,1584)  (198,1400)  (244,1388)
Union of South Africa  (1156,1838)  (1110,1883)  (1110,1837)  (1156,1792)  (1171,1746)
Western Canada  (3385,401)  (3335,400)  (3439,402)  (3337,347)  (3394,346)  (3443,349)  (3346,280)  (3446,285)  (3333,212)  (3447,233)  (3322,151)  (3439,174)  (3392,282)  (3394,232)  (3382,154)
Alaska  (3186,213)  (3140,258)  (3140,212)  (3200,259)  (3186,167)  (3138,166)  (3094,282)  (3199,305)
34 Sea Zone  (1536,1266)  (1490,1311)  (1581,1312)  (1567,1220)  (1582,1266)  (1613,1189)  (1535,1357)  (1489,1357)  (1444,1311)  (1627,1312)  (1627,1358)  (1581,1358)  (1628,1235)  (1659,1153)  (1535,1403)  (1489,1403)  (1673,1281)  (1673,1327)  (1628,1404)  (1582,1404)  (1674,1199)  (1443,1405)  (1367,1277)  (1357,1231)  (1536,1449)  (1490,1449)  (1628,1450)  (1582,1450)  (1444,1451)  (1343,1185)  (1398,1460)  (1331,1139)  (1686,1011)
Russia  (1898,252)  (1852,297)  (1852,251)  (1898,206)  (1944,206)  (1944,252)  (1850,205)  (1842,343)  (1806,297)  (1806,251)  (1896,160)  (1942,160)  (1804,205)  (1804,159)  (1850,159)  (1796,353)  (1988,136)  (1760,307)  (1760,261)  (1896,114)  (1942,114)  (1758,215)  (1780,113)  (1826,113)  (1833,399)  (1787,399)  (1988,83)  (1714,317)  (1714,271)  (1872,68)  (1918,68)  (1785,67)  (1835,445)  (1789,445)  (1964,37)  (1743,472)  (1831,22)  (1877,22)  (1783,21)  (1848,491)  (1802,491)  (1756,518)  (1820,537)
Eastern Canada  (242,448)  (196,491)  (196,445)  (242,402)  (288,402)  (163,399)  (150,451)  (218,356)  (264,356)  (310,356)  (128,353)  (356,334)  (356,380)  (117,405)  (242,310)  (288,310)  (82,359)  (334,288)  (251,264)  (46,407)  (45,313)  (36,361)  (253,218)  (36,169)  (36,123)  (82,110)  (128,78)  (36,77)  (82,64)  (174,60)  (36,31)  (82,18)
Germany  (1093,578)  (1047,623)  (1047,577)  (1138,624)  (1093,532)  (1139,532)  (1139,578)  (1045,531)  (1092,669)  (1046,669)  (1001,616)  (1091,486)  (1137,486)  (999,570)  (999,524)  (1045,485)  (953,604)  (953,558)  (953,512)
Norway  (1063,118)  (1017,162)  (1116,78)  (971,205)  (1017,208)  (1162,107)  (1180,185)  (957,251)
New Zealand  (3054,1842)
Japan  (2792,486)  (2742,524)  (2788,575)  (2768,625)  (2760,686)  (2707,724)  (2682,773)  (2656,722)  (2611,771)  (2564,822)
64 Sea Zone  (3194,404)  (3240,419)
Angola  (1055,1751)  (1051,1705)  (1097,1705)
Yakut S.S.R.  (2325,221)  (2279,266)  (2279,220)  (2343,267)  (2325,175)  (2371,175)  (2371,221)  (2277,174)  (2297,312)  (2323,129)  (2369,129)  (2415,129)  (2417,175)  (2260,128)  (2284,358)  (2306,83)  (2352,83)  (2398,83)  (2444,83)  (2463,147)  (2321,404)  (2275,404)  (2265,37)  (2311,37)  (2357,37)  (2403,37)  (2449,37)
56 Sea Zone  (3047,482)  (3047,528)  (3047,574)  (3047,620)  (3047,666)  (3047,712)  (3047,758)  (3047,804)  (3047,850)  (3093,481)  (3093,527)  (3093,632)  (3093,678)  (3093,724)  (3093,770)  (3093,816)  (3093,862)  (3139,481)  (3139,527)  (3139,624)  (3139,670)  (3139,716)  (3139,762)  (3139,808)  (3139,854)  (3156,573)
37 Sea Zone  (2153,1513)  (2107,1558)  (2107,1512)  (2198,1559)  (2153,1467)  (2199,1467)  (2199,1513)  (2105,1466)  (2244,1559)  (2151,1421)  (2197,1421)  (2243,1421)  (2245,1467)  (2245,1513)  (2094,1420)  (2290,1559)  (2140,1375)  (2186,1375)  (2291,1440)  (2291,1486)  (2094,1374)  (2336,1532)  (2140,1329)  (2337,1480)  (2094,1328)  (2382,1526)  (2428,1522)
24 Sea Zone  (625,1685)  (579,1730)  (579,1684)  (670,1731)  (625,1639)  (671,1639)  (671,1685)  (577,1638)  (533,1761)  (533,1715)  (716,1731)  (668,1593)  (714,1593)  (717,1639)  (717,1685)  (531,1669)  (531,1623)  (760,1561)  (487,1761)  (487,1715)  (762,1731)  (763,1607)  (763,1653)  (485,1669)  (485,1623)  (806,1561)  (441,1761)  (441,1715)  (808,1699)  (808,1745)  (809,1607)  (809,1653)  (439,1669)  (439,1623)  (395,1761)  (395,1715)  (393,1669)  (393,1623)
Eastern Europe  (1288,438)  (1242,483)  (1242,437)  (1299,484)  (1288,392)  (1240,391)  (1253,529)  (1308,530)  (1286,346)  (1194,420)  (1228,345)  (1262,575)  (1216,575)
Novosibirsk  (1995,469)  (1949,514)  (1949,468)  (2022,515)  (1995,423)  (2041,423)  (2041,469)  (1947,422)  (1971,560)  (1925,560)  (1903,502)  (1993,377)  (2039,377)  (2085,377)  (2087,423)  (1901,456)  (1901,410)  (1947,376)  (1879,584)  (2131,340)  (1940,606)  (2133,386)  (2179,344)  (2179,390)
India  (1884,946)  (1838,991)  (1929,992)  (1803,945)  (1883,1037)  (1837,1037)  (1975,974)  (1946,1038)  (1900,1083)  (1854,1083)  (1902,1129)  (1856,1129)  (1890,1175)
Southern Europe  (984,754)  (1006,800)  (1052,768)  (1098,756)  (1135,802)  (1144,736)  (1168,848)
9 Sea Zone  (438,562)  (392,607)  (483,608)  (438,516)  (484,516)  (484,562)  (437,653)  (391,653)  (491,654)  (452,470)
Greenland  (378,74)  (344,28)  (390,28)
45 Sea Zone  (2892,1366)  (2892,1469)  (2892,1515)  (2892,1561)  (2938,1273)  (2938,1319)  (2938,1365)  (2938,1501)  (2938,1547)  (2942,1411)  (2984,1273)  (2984,1319)  (2984,1365)  (2984,1509)  (2984,1555)  (2988,1411)  (3013,1601)  (3030,1273)  (3030,1319)  (3030,1365)  (3034,1411)  (3035,1457)  (3059,1574)  (3062,1503)  (3076,1273)  (3076,1319)  (3076,1365)  (3080,1411)  (3081,1457)  (3105,1549)  (3105,1595)
52 Sea Zone  (3012,1023)  (3012,1069)  (3012,1115)  (3012,1161)  (3012,1207)  (3058,930)  (3058,1000)  (3058,1046)  (3058,1092)  (3058,1138)  (3058,1184)  (3104,930)  (3104,1015)  (3104,1061)  (3104,1107)  (3104,1153)  (3104,1199)  (3150,930)  (3150,1061)  (3150,1107)  (3150,1153)  (3150,1199)  (3196,930)  (3196,1074)  (3196,1120)  (3196,1166)  (3196,1212)  (3202,976)
Italian East Africa  (1359,1389)  (1313,1434)  (1313,1388)  (1317,1342)  (1267,1427)
48 Sea Zone  (2294,1355)  (2340,1313)  (2349,1403)  (2420,1465)  (2466,1475)  (2509,1313)  (2512,1474)
Buryatia S.S.R.  (2559,343)  (2513,323)  (2604,389)  (2559,297)  (2605,284)  (2492,277)  (2467,324)  (2650,366)  (2650,412)  (2538,251)  (2584,238)  (2447,376)  (2459,231)  (2673,458)  (2421,330)  (2505,205)  (2419,428)  (2551,192)  (2401,382)
62 Sea Zone  (2916,375)  (2952,421)  (2906,421)  (2921,329)  (2851,360)  (2833,314)  (2919,283)  (2805,360)  (2787,314)  (2925,237)  (2759,360)  (2741,314)  (2882,191)  (2928,191)  (2695,305)  (2962,145)  (3008,111)  (3054,66)  (3100,21)  (3009,20)
57 Sea Zone  (2942,640)  (2896,685)  (2896,639)  (2987,686)  (2942,594)  (2988,594)  (2988,640)  (2894,593)  (2941,731)  (2895,731)  (3000,732)  (2940,548)  (2986,548)  (2876,547)  (2954,777)  (2908,777)  (3000,778)  (2922,502)  (2968,502)  (2876,501)  (2954,823)  (2908,823)  (3000,824)  (2954,869)  (2908,869)  (3000,870)
33 Sea Zone  (1401,1556)  (1355,1601)  (1355,1555)  (1446,1602)  (1447,1526)  (1400,1647)  (1354,1647)  (1309,1601)  (1309,1555)  (1492,1572)  (1492,1618)  (1446,1648)  (1308,1648)  (1493,1526)  (1352,1694)  (1306,1694)  (1305,1740)
59 Sea Zone  (2539,898)  (2509,846)  (2487,915)  (2406,1015)
49 Sea Zone  (2405,1093)  (2405,1139)  (2405,1185)  (2405,1231)  (2451,1058)  (2451,1104)  (2451,1150)  (2451,1250)  (2497,1025)  (2497,1071)  (2497,1263)  (2543,991)  (2543,1037)  (2543,1083)  (2543,1252)  (2578,1129)  (2584,1175)  (2589,957)  (2589,1003)  (2589,1049)  (2589,1221)  (2624,1095)
Rio De Oro  (609,1256)
6 Sea Zone  (873,240)  (853,194)  (914,316)  (899,155)  (837,148)  (945,132)  (909,362)
Kwantung  (2428,749)  (2412,703)  (2446,795)  (2366,701)  (2400,823)  (2446,841)  (2354,865)  (2400,869)  (2354,911)  (2410,915)
Borneo  (2450,1362)  (2443,1413)  (2404,1367)
French West Africa  (682,1169)  (636,1201)  (636,1155)  (727,1215)  (682,1123)  (728,1153)  (621,1109)  (681,1247)  (773,1199)  (773,1245)  (727,1261)  (803,1291)  (681,1293)  (757,1307)  (711,1339)
Libya  (1064,1038)  (1018,1048)  (972,1032)
60 Sea Zone  (2768,768)  (2814,731)  (2814,777)  (2768,814)  (2823,823)  (2722,824)  (2816,685)  (2676,852)  (2777,860)  (2829,869)  (2731,870)  (2816,639)  (2816,593)  (2804,547)  (2787,430)  (2735,413)
Belorussia  (1451,410)  (1405,454)  (1405,408)  (1496,457)  (1451,363)  (1359,455)  (1359,409)
East Indies  (2222,1474)  (2198,1428)  (2187,1382)
10 Sea Zone  (295,640)  (249,682)  (321,683)  (307,591)  (274,728)  (230,728)  (323,731)  (274,774)  (230,774)  (320,775)  (132,799)  (274,820)  (228,820)  (320,821)  (124,845)  (86,809)
Brazil  (269,1193)  (223,1217)  (223,1171)  (314,1239)  (269,1147)  (315,1147)  (315,1193)  (177,1216)  (360,1239)  (360,1285)  (314,1285)  (361,1185)  (406,1231)  (406,1277)  (393,1331)  (347,1331)  (301,1331)
31 Sea Zone  (1903,1529)  (1857,1574)  (1857,1528)  (1948,1575)  (1903,1483)  (1949,1483)  (1949,1529)  (1855,1482)  (1902,1620)  (1856,1620)  (1811,1574)  (1811,1528)  (1994,1575)  (1994,1621)  (1948,1621)  (1810,1621)  (1901,1437)  (1947,1437)  (1993,1437)  (1995,1483)  (1995,1529)  (1809,1482)  (1809,1436)  (1855,1436)  (2039,1408)  (1902,1666)  (1856,1666)  (2040,1575)  (2040,1621)  (2040,1667)  (1994,1667)  (1948,1667)  (1810,1667)  (2041,1454)  (2041,1500)  (1902,1712)  (1856,1712)  (2047,1713)  (2001,1713)  (1955,1713)  (1810,1713)  (1909,1758)  (1863,1758)  (2047,1759)  (2001,1759)  (1955,1759)  (1817,1759)
Venezuela  (118,1113)  (72,1155)  (126,1159)  (87,1067)  (164,1078)  (210,1052)
Okinawa  (2702,1082)
42 Sea Zone  (3395,1734)  (3349,1779)  (3349,1733)  (3440,1780)  (3395,1688)  (3441,1688)  (3441,1734)  (3347,1687)  (3394,1825)  (3348,1825)  (3303,1779)  (3303,1733)  (3442,1829)  (3311,1834)  (3307,1698)  (3313,1878)  (3367,1876)  (3416,1881)  (3457,1879)  (3421,1939)  (3356,1936)  (3301,1934)
13 Sea Zone  (793,884)  (747,929)  (747,883)  (797,930)  (793,838)  (839,866)
Sahara  (1014,1133)  (968,1152)  (968,1106)  (1059,1179)  (1060,1122)  (922,1121)  (1105,1168)  (1106,1122)  (890,1075)  (844,1109)  (844,1063)  (798,1114)  (798,1068)  (752,1084)
25 Sea Zone  (199,1770)  (153,1815)  (153,1769)  (244,1816)  (245,1735)  (151,1723)  (251,1689)  (198,1861)  (152,1861)  (107,1815)  (107,1769)  (290,1781)  (290,1827)  (244,1862)  (106,1862)  (291,1735)  (105,1723)  (105,1677)  (297,1672)  (301,1873)  (226,1643)  (198,1907)  (152,1907)  (61,1816)  (61,1770)  (255,1908)  (106,1908)  (60,1908)  (60,1862)  (59,1724)  (59,1678)  (272,1626)  (318,1626)  (334,1919)  (251,1580)  (297,1580)  (298,1534)
Persia  (1657,940)  (1611,952)  (1703,900)
3 Sea Zone  (959,27)  (913,72)  (913,26)  (1004,73)  (1005,1)  (867,73)  (867,27)  (1050,47)  (1051,1)  (1097,1)
Eastern United States  (267,543)  (221,587)  (178,633)  (175,587)  (132,676)  (129,630)  (129,584)  (142,722)
Sweden  (1052,275)  (1049,321)
Himalaya  (2034,887)  (1988,919)  (1988,873)  (2070,933)  (2034,841)  (2080,841)  (2080,887)
53 Sea Zone  (3315,1046)  (3269,1091)  (3269,1045)  (3360,1092)  (3315,1000)  (3361,1000)  (3361,1046)  (3267,999)  (3314,1137)  (3268,1137)  (3383,1138)  (3313,954)  (3261,953)  (3337,1183)  (3291,1183)  (3383,1184)
Spain  (619,841)  (573,843)  (585,795)  (631,795)  (677,783)  (624,749)  (723,776)
Kazakh S.S.R.  (1792,642)  (1746,687)  (1746,641)  (1837,688)  (1838,642)  (1744,595)  (1791,733)  (1745,733)  (1700,648)  (1883,688)  (1866,734)  (1820,779)  (1774,779)  (1866,780)
47 Sea Zone  (2504,1523)  (2550,1522)  (2590,1404)  (2596,1522)  (2636,1403)  (2670,1563)  (2682,1403)  (2688,1449)  (2728,1403)  (2734,1449)  (2774,1403)  (2780,1449)  (2820,1403)  (2822,1495)  (2826,1449)
Philipine Islands  (2533,1150)
Hawaiian Islands  (3089,993)  (3140,1006)  (3190,1007)  (3198,1057)
12 Sea Zone  (555,934)  (512,888)  (601,924)  (601,970)  (512,809)  (512,763)
Solomon Islands  (2978,1472)
17 Sea Zone  (545,1183)  (548,1229)  (538,1097)  (557,1275)  (538,1051)  (571,1321)  (603,1367)  (557,1367)
5 Sea Zone  (1130,331)  (1084,376)  (1127,285)  (1038,400)  (1221,263)  (1104,239)  (991,383)  (1115,193)
New Guinea  (2736,1523)
Kenya  (1223,1561)  (1177,1606)  (1177,1560)  (1223,1515)  (1222,1652)  (1176,1652)  (1212,1469)
44 Sea Zone  (3220,1369)  (3174,1414)  (3174,1368)  (3265,1415)  (3220,1323)  (3266,1323)  (3266,1369)  (3172,1322)  (3219,1460)  (3173,1460)  (3286,1461)  (3218,1277)  (3264,1277)  (3152,1276)  (3240,1506)  (3194,1506)  (3286,1507)  (3240,1552)  (3194,1552)  (3286,1553)  (3240,1598)  (3194,1598)  (3286,1599)
8 Sea Zone  (573,443)  (618,489)  (572,489)  (538,397)  (584,397)  (619,443)  (619,535)  (573,535)  (538,351)  (584,351)  (630,347)  (619,581)  (573,581)  (619,627)  (573,627)
32 Sea Zone  (1660,1578)  (1614,1623)  (1614,1577)  (1705,1624)  (1660,1532)  (1706,1532)  (1706,1578)  (1612,1531)  (1659,1669)  (1613,1669)  (1568,1623)  (1568,1577)  (1741,1670)  (1567,1670)  (1676,1486)  (1722,1486)  (1566,1531)  (1695,1715)  (1649,1715)  (1741,1716)  (1603,1716)  (1557,1716)  (1675,1440)  (1721,1440)  (1511,1726)  (1695,1761)  (1649,1761)  (1465,1761)
Midway  (3110,590)
Peru  (112,1265)  (158,1272)  (165,1318)  (56,1210)  (211,1288)
Australia  (2763,1743)  (2717,1788)  (2717,1742)  (2808,1789)  (2809,1716)  (2714,1696)  (2762,1834)  (2716,1834)  (2671,1788)  (2671,1742)  (2854,1762)  (2854,1808)  (2808,1835)  (2670,1835)  (2668,1696)  (2873,1854)  (2762,1880)  (2716,1880)  (2625,1789)  (2625,1743)  (2827,1881)  (2639,1881)  (2624,1835)  (2622,1697)  (2874,1900)  (2593,1900)  (2781,1926)  (2579,1789)  (2579,1743)  (2828,1927)  (2578,1854)  (2547,1911)  (2532,1830)
1 Sea Zone  (469,312)  (491,358)  (437,266)  (491,404)  (355,188)  (309,152)  (263,132)  (309,106)  (242,86)  (217,141)  (244,40)  (194,266)  (192,220)  (171,174)  (171,128)  (148,281)  (146,235)  (125,189)  (100,265)
Caucasus  (1604,569)  (1558,614)  (1558,568)  (1650,529)  (1650,575)  (1597,660)  (1597,706)  (1551,710)  (1597,752)  (1551,756)  (1611,798)  (1636,844)
Gibraltar  (680,879)
China  (2305,724)  (2260,678)  (2306,678)  (2259,769)  (2325,770)  (2214,723)  (2226,632)  (2272,632)  (2318,632)  (2279,815)  (2233,815)  (2213,769)  (2289,861)  (2243,861)
West Russia  (1646,405)  (1600,450)  (1600,404)  (1684,451)  (1646,359)  (1692,385)  (1598,358)  (1574,496)  (1554,404)  (1552,358)
Western Europe  (822,615)  (776,660)  (776,614)  (857,661)  (822,569)  (868,573)  (774,568)  (811,706)  (765,706)  (820,523)  (857,715)  (866,515)  (811,752)
United Kingdom  (745,124)  (776,169)  (735,77)  (791,215)  (808,262)  (762,277)  (811,308)  (765,323)
14 Sea Zone  (1020,923)  (975,877)  (1046,969)  (974,946)  (1118,954)  (940,831)  (929,878)  (894,830)
Manchuria  (2538,529)  (2492,574)  (2492,528)  (2558,575)  (2538,483)  (2584,483)  (2490,482)  (2446,602)  (2446,556)  (2526,621)  (2536,437)  (2630,509)  (2488,436)  (2536,667)  (2544,713)
21 Sea Zone  (63,1380)  (108,1426)  (62,1426)  (36,1334)  (82,1334)  (109,1380)  (117,1472)  (71,1472)  (36,1288)  (107,1518)  (61,1518)  (109,1564)  (63,1564)
36 Sea Zone  (2323,1205)  (2277,1250)  (2277,1204)  (2358,1251)  (2331,1159)  (2272,1307)  (2150,1265)  (2114,1135)  (2111,1219)  (2104,1265)  (2095,1089)  (2068,1173)  (2065,1219)
Balkans  (1292,713)  (1246,758)  (1246,712)  (1317,759)  (1292,667)  (1244,666)  (1271,804)  (1200,757)
22 Sea Zone  (484,1467)  (438,1512)  (438,1466)  (529,1513)  (484,1421)  (530,1449)  (436,1420)  (483,1558)  (437,1558)  (392,1512)  (392,1466)  (575,1495)  (575,1541)  (529,1559)  (391,1559)  (482,1375)  (576,1449)  (390,1420)
50 Sea Zone  (2590,1314)  (2636,1313)  (2672,1188)  (2672,1234)  (2682,1280)  (2682,1326)  (2718,1187)  (2728,1324)  (2764,1187)  (2774,1321)  (2810,1187)  (2820,1322)  (2835,1233)
Anglo Egypt  (1236,1106)  (1190,1084)  (1258,1152)  (1212,1152)  (1144,1068)  (1266,1198)  (1220,1198)  (1174,1200)  (1260,1244)  (1214,1246)  (1168,1246)  (1122,1258)  (1247,1292)  (1201,1292)  (1155,1304)  (1223,1338)
35 Sea Zone  (1888,1299)  (1842,1344)  (1842,1298)  (1933,1345)  (1920,1253)  (1934,1299)  (1840,1252)  (1966,1221)  (1796,1351)  (1796,1305)  (1979,1345)  (1980,1267)  (1794,1259)  (1794,1213)  (1953,1175)  (1999,1175)  (2012,1221)  (1755,1167)  (1801,1167)  (1750,1351)  (1750,1305)  (2025,1313)  (1748,1259)  (1748,1213)  (1955,1129)  (2001,1129)  (1734,1121)  (1780,1121)  (1991,1083)  (1734,1075)  (2008,1037)  (1734,1029)